Dia 	Total casos UCI avui 	Percentatge d’ocupació de llits d’UCI (llits=264) 	Total hospitalitzats en planta avui 	Percentatge d’ocupació de llits de planta (llits=3387) 
05-nov	164 	62.1 	765 	22.6 
04-nov	165 	62.5 	802 	23.7 
03-nov	164 	62.1 	799 	23.6 
02-nov	154 	58.3 	812 	24.0 
01-nov	150 	56.8 	755 	22.3 
31-oct	144 	54.5 	720 	21.3 
30-oct	141 	53.4 	735 	21.7 
29-oct	141 	53.4 	716 	21.1 
28-oct	139 	52.7 	714 	21.1 
27-oct	134 	50.8 	664 	19.6 
26-oct	124 	47.0 	656 	19.4 
25-oct	119 	45.1 	603 	17.8 
24-oct	110 	41.7 	571 	16.9 
23-oct	106 	40.2 	537 	15.9 
22-oct	103 	39.0 	522 	15.4 
21-oct	96 	36.4 	489 	14.4 
20-oct	86 	32.6 	452 	13.3 
19-oct	85 	32.2 	435 	12.8 
18-oct	82 	31.1 	354 	10.5 
17-oct	78 	29.5 	351 	10.4 
16-oct	74 	28.0 	337 	9.9 
15-oct	72 	27.3 	327 	9.7 
14-oct	66 	25.0 	314 	9.3 
13-oct	62 	23.5 	292 	8.6 
12-oct	59 	22.3 	266 	7.9 
11-oct	54 	20.5 	242 	7.1 
10-oct	52 	19.7 	232 	6.8 
09-oct	53 	20.1 	249 	7.4 
08-oct	56 	21.2 	257 	7.6 
07-oct	59 	22.3 	229 	6.8 
06-oct	55 	20.8 	231 	6.8 
05-oct	55 	20.8 	227 	6.7 
04-oct	56 	21.2 	212 	6.3 
03-oct	55 	20.8 	210 	6.2 
02-oct	57 	21.6 	230 	6.8 
01-oct	59 	22.3 	213 	6.3 
